12
12
12
12
12
12
12
12
12
12
12
12
12
12
12
12
12
12
12
12
12
12
12
12
12
12
12
12
12
12
12
12
12
13
17
33
22
39
25
10
17
17
21
24
12
25
12
31
37
17
30
28
30
28
33
27
31
33
12
12
20
27
20
27
34
37
35
33
36
29
32
35
35
16
23
34
30
48
34
39
33
39
35
29
27
34
31
42
31
34
31
15
31
15
15
30
9
24
23
21
24
22
15
23
24
12
11
23
13
33
25
23
24
23
18
16
14
25
21
30
23
24
21
17
13
17
19
12
27
12
12
15
20
35
21
21
15
56
29
15
58
12
31
12
12
10
10
18
18
16
28
49
12
30
16
15
38
12
21
34
12
13
24
24
14
25
13
27
13
31
23
23
25
25
31
13
14
25
18
17
9
28
36
11
6
11
22
23
32
34
36
27
37
37
37
37
37
37
53
33
29
29
29
29
16
16
16
16
36
34
39
39
39
39
39
24
39
34
34
34
34
34
33
26
24
24
24
24
24
24
36
22
22
22
22
22
12
12
12
12
24
25
23
23
23
23
23
25
23
25
25
25
25
24
23
24